[gd_scene load_steps=4 format=3 uid="uid://cpjk4p5ypf14o"]

[ext_resource type="PackedScene" uid="uid://chmr4dedp3pl5" path="res://addons/godot-xr-tools/assets/right_hand.tscn" id="1"]
[ext_resource type="Script" path="res://addons/godot-xr-tools/assets/hand_physics_bone.gd" id="2"]
[ext_resource type="Script" path="res://addons/godot-xr-tools/assets/physics_hand.gd" id="3"]

[node name="RightPhysicsHand" instance=ExtResource("1")]
script = ExtResource("3")
collision_layer = 131072
margin = 0.004
bone_group = "right_hand"

[node name="BoneRoot" type="BoneAttachment3D" parent="RightHand/Armature_Left/Skeleton3D" index="1"]
transform = Transform3D(1, -5.73772e-17, 1.51496e-08, 1.9781e-15, 1, -1.26784e-07, -1.51496e-08, 1.26784e-07, 1, 0, 0, 0)
bone_name = "Root"
bone_idx = 0
script = ExtResource("2")
width_ratio = 0.8

[node name="BoneThumbMetacarpal" type="BoneAttachment3D" parent="RightHand/Armature_Left/Skeleton3D" index="2"]
transform = Transform3D(0.858407, -0.510964, 0.0453196, 0.318781, 0.600581, 0.733268, -0.401892, -0.614995, 0.678428, 1.27246e-08, 1, 1.63441e-07)
bone_name = "Thumb.Metacarpal"
bone_idx = 1
script = ExtResource("2")
length = 0.05

[node name="BoneThumbProximal" type="BoneAttachment3D" parent="RightHand/Armature_Left/Skeleton3D" index="3"]
transform = Transform3D(0.653205, -0.575626, 0.491913, 0.391834, 0.812885, 0.430911, -0.647912, -0.0887249, 0.75653, -0.901784, 2.05995, -1.08538)
bone_name = "Thumb.Proximal"
bone_idx = 2
script = ExtResource("2")

[node name="BoneThumbDistal" type="BoneAttachment3D" parent="RightHand/Armature_Left/Skeleton3D" index="4"]
transform = Transform3D(0.641228, -0.57023, 0.513483, 0.425657, 0.821096, 0.380286, -0.638469, -0.0252826, 0.769232, -1.57712, 3.01364, -1.18948)
bone_name = "Thumb.Distal"
bone_idx = 3
script = ExtResource("2")
length = 0.02

[node name="BoneIndexMetacarpal" type="BoneAttachment3D" parent="RightHand/Armature_Left/Skeleton3D" index="5"]
transform = Transform3D(0.999276, 0.0112952, -0.0363351, 0.0012414, 0.944738, 0.327824, 0.03803, -0.327632, 0.94404, -3.79957e-10, 1, 1.37702e-07)
bone_name = "Index.Metacarpal"
bone_idx = 4
script = ExtResource("2")
length = 0.08
width_ratio = 0.2

[node name="BoneIndexProximal" type="BoneAttachment3D" parent="RightHand/Armature_Left/Skeleton3D" index="6"]
transform = Transform3D(0.993643, 0.108167, -0.0311927, -0.0940915, 0.950107, 0.297396, 0.0618048, -0.292571, 0.954245, 0.0295967, 3.47551, -0.858497)
bone_name = "Index.Proximal"
bone_idx = 5
script = ExtResource("2")

[node name="BoneIndexMiddle" type="BoneAttachment3D" parent="RightHand/Armature_Left/Skeleton3D" index="7"]
transform = Transform3D(0.984049, -0.177367, -0.0137284, 0.177224, 0.984109, -0.0110221, 0.0154652, 0.00841326, 0.999845, 0.137418, 4.42258, -1.15013)
bone_name = "Index.Middle"
bone_idx = 6
script = ExtResource("2")
length = 0.025
bone_group = "index_finger"

[node name="BoneIndexDistal" type="BoneAttachment3D" parent="RightHand/Armature_Left/Skeleton3D" index="8"]
transform = Transform3D(0.927501, -0.373365, 0.0184363, 0.373789, 0.926928, -0.0329596, -0.00478312, 0.0374613, 0.999287, -0.00929198, 5.23659, -1.14318)
bone_name = "Index.Distal"
bone_idx = 7
script = ExtResource("2")
length = 0.02
bone_group = "index_finger"

[node name="BoneMiddleMetacarpal" type="BoneAttachment3D" parent="RightHand/Armature_Left/Skeleton3D" index="9"]
transform = Transform3D(0.996581, 0.0825, 0.00438378, -0.0822932, 0.986594, 0.140923, 0.00730117, -0.140802, 0.990011, 2.21641e-09, 1, 1.26784e-07)
bone_name = "Middle.Metacarpal"
bone_idx = 8
script = ExtResource("2")
length = 0.08
width_ratio = 0.2

[node name="BoneMiddleProximal" type="BoneAttachment3D" parent="RightHand/Armature_Left/Skeleton3D" index="10"]
transform = Transform3D(0.999226, 0.0393313, 0.000187354, -0.0393164, 0.998957, -0.0232057, -0.00109987, 0.0231804, 0.999731, 0.209137, 3.50101, -0.356932)
bone_name = "Middle.Proximal"
bone_idx = 9
script = ExtResource("2")

[node name="BoneMiddleMiddle" type="BoneAttachment3D" parent="RightHand/Armature_Left/Skeleton3D" index="11"]
transform = Transform3D(0.90112, -0.432901, 0.0240869, 0.432195, 0.892452, -0.12937, 0.0345079, 0.126988, 0.991304, 0.243609, 4.37654, -0.336616)
bone_name = "Middle.Middle"
bone_idx = 10
script = ExtResource("2")
length = 0.025

[node name="BoneMiddleDistal" type="BoneAttachment3D" parent="RightHand/Armature_Left/Skeleton3D" index="12"]
transform = Transform3D(0.723534, -0.690285, 0.00243971, 0.672608, 0.704202, -0.227372, 0.155233, 0.166152, 0.973805, -0.150137, 5.18827, -0.221114)
bone_name = "Middle.Distal"
bone_idx = 11
script = ExtResource("2")
length = 0.02

[node name="BoneRingMetacarpal" type="BoneAttachment3D" parent="RightHand/Armature_Left/Skeleton3D" index="13"]
transform = Transform3D(0.999009, 0.0444944, -0.000672046, -0.043985, 0.985058, -0.166509, -0.00674672, 0.166374, 0.98604, -3.96983e-10, 1, 1.26809e-07)
bone_name = "Ring.Metacarpal"
bone_idx = 12
script = ExtResource("2")
length = 0.07
width_ratio = 0.2

[node name="BoneRingProximal" type="BoneAttachment3D" parent="RightHand/Armature_Left/Skeleton3D" index="14"]
transform = Transform3D(0.993169, 0.116494, -0.00670008, -0.116356, 0.984397, -0.132002, -0.0087819, 0.13188, 0.991227, 0.103038, 3.28116, 0.385282)
bone_name = "Ring.Proximal"
bone_idx = 13
script = ExtResource("2")
length = 0.028

[node name="BoneRingMiddle" type="BoneAttachment3D" parent="RightHand/Armature_Left/Skeleton3D" index="15"]
transform = Transform3D(0.865561, -0.498619, -0.0467217, 0.476597, 0.848786, -0.228948, 0.153814, 0.175901, 0.972317, 0.200217, 4.10234, 0.495296)
bone_name = "Ring.Middle"
bone_idx = 14
script = ExtResource("2")
length = 0.025

[node name="BoneRingDistal" type="BoneAttachment3D" parent="RightHand/Armature_Left/Skeleton3D" index="16"]
transform = Transform3D(0.475025, -0.861852, -0.17766, 0.737081, 0.499981, -0.454675, 0.480689, 0.0850323, 0.872758, -0.182737, 4.75424, 0.630393)
bone_name = "Ring.Distal"
bone_idx = 15
script = ExtResource("2")
length = 0.02

[node name="BonePinkyMetacarpal" type="BoneAttachment3D" parent="RightHand/Armature_Left/Skeleton3D" index="17"]
transform = Transform3D(0.999814, 0.0166299, 0.00978245, -0.0105718, 0.896336, -0.44325, -0.0161395, 0.443064, 0.896345, 1.91156e-10, 1, 1.2619e-07)
bone_name = "Pinky.Metacarpal"
bone_idx = 16
script = ExtResource("2")
length = 0.07
width_ratio = 0.18

[node name="BonePinkyProximal" type="BoneAttachment3D" parent="RightHand/Armature_Left/Skeleton3D" index="18"]
transform = Transform3D(0.98895, -0.147942, -0.00946363, 0.140046, 0.953286, -0.267645, 0.0486175, 0.263362, 0.963471, 0.0378309, 3.03906, 1.00792)
bone_name = "Pinky.Proximal"
bone_idx = 17
script = ExtResource("2")
length = 0.02

[node name="BonePinkyMiddle" type="BoneAttachment3D" parent="RightHand/Armature_Left/Skeleton3D" index="19"]
transform = Transform3D(0.740024, -0.658406, -0.137349, 0.605386, 0.741029, -0.290489, 0.29304, 0.13182, 0.94697, -0.047551, 3.58923, 1.15991)
bone_name = "Pinky.Middle"
bone_idx = 18
script = ExtResource("2")
length = 0.015

[node name="BonePinkyDistal" type="BoneAttachment3D" parent="RightHand/Armature_Left/Skeleton3D" index="20"]
transform = Transform3D(0.463311, -0.822465, -0.329992, 0.735793, 0.564552, -0.374019, 0.493915, -0.0695188, 0.866727, -0.33829, 3.91645, 1.21812)
bone_name = "Pinky.Distal"
bone_idx = 19
script = ExtResource("2")
length = 0.015

[editable path="RightHand"]
