[gd_scene load_steps=10 format=2]

[ext_resource path="res://addons/godot-xr-tools/objects/viewport_2d_in_3d.tscn" type="PackedScene" id=1]
[ext_resource path="res://scenes/main_menu/objects/settings_ui_content.tscn" type="PackedScene" id=2]
[ext_resource path="res://scenes/main_menu/objects/settings_ui.gd" type="Script" id=3]
[ext_resource path="res://addons/godot-xr-tools/objects/hand_pose_area.tscn" type="PackedScene" id=4]
[ext_resource path="res://addons/godot-xr-tools/hands/poses/pose_point_left.tres" type="Resource" id=5]
[ext_resource path="res://addons/godot-xr-tools/hands/poses/pose_point_right.tres" type="Resource" id=6]

[sub_resource type="CubeMesh" id=1]
size = Vector3( 0.65, 0.525, 0.02 )

[sub_resource type="SpatialMaterial" id=2]
albedo_color = Color( 0.203922, 0.203922, 0.203922, 1 )
metallic = 0.35
roughness = 0.52

[sub_resource type="BoxShape" id=3]
extents = Vector3( 0.325, 0.1, 0.25 )

[node name="SettingsUI" type="Spatial"]
script = ExtResource( 3 )

[node name="Screen" type="MeshInstance" parent="."]
transform = Transform( 1, 0, 0, 0, 0.707107, 0.707107, 0, -0.707107, 0.707107, 0, 1.3, 0 )
mesh = SubResource( 1 )
material/0 = SubResource( 2 )

[node name="Viewport2Din3D" parent="Screen" instance=ExtResource( 1 )]
transform = Transform( 1, 0, 0, 0, 1, 0, 0, 0, 1, 0, 0, 0.015 )
screen_size = Vector2( 0.625, 0.5 )
viewport_size = Vector2( 250, 200 )
scene = ExtResource( 2 )

[node name="CSGCylinder" type="CSGCylinder" parent="."]
transform = Transform( 1, 0, 0, 0, 1, 0, 0, 0, 1, 0, 0.9, 0 )
radius = 0.05
height = 1.8
material = SubResource( 2 )

[node name="CSGBox" type="CSGBox" parent="CSGCylinder"]
transform = Transform( 1, 0, 0, 0, 0.707107, 0.707107, 0, -0.707107, 0.707107, 0, 0.761732, 0 )
operation = 2
width = 0.5
height = 1.0
depth = 0.5

[node name="HandPoseArea" parent="." instance=ExtResource( 4 )]
transform = Transform( 1, 0, 0, 0, 1, 0, 0, 0, 1, 0, 1.3, 0 )
left_pose = ExtResource( 5 )
right_pose = ExtResource( 6 )

[node name="CollisionShape" type="CollisionShape" parent="HandPoseArea"]
transform = Transform( 1, 0, 0, 0, 0.707107, -0.707107, 0, 0.707107, 0.707107, 0, 0, 0 )
shape = SubResource( 3 )
