[gd_scene load_steps=44 format=3 uid="uid://0c76wodjd7rm"]

[ext_resource type="PackedScene" uid="uid://qbmx03iibuuu" path="res://addons/godot-xr-tools/staging/scene_base.tscn" id="1"]
[ext_resource type="PackedScene" uid="uid://bdwmserhqai5h" path="res://addons/godot-xr-tools/hands/scenes/lowpoly/left_physics_hand_low.tscn" id="2_8wi6c"]
[ext_resource type="Script" path="res://scenes/demo_scene_base.gd" id="2_kjksy"]
[ext_resource type="PackedScene" uid="uid://bjcxf427un2wp" path="res://addons/godot-xr-tools/player/poke/poke.tscn" id="4_iyttx"]
[ext_resource type="PackedScene" uid="uid://3a6wjr3a13vd" path="res://assets/meshes/teleport/teleport.tscn" id="5"]
[ext_resource type="PackedScene" uid="uid://btf05hjpw6k05" path="res://addons/godot-xr-tools/hands/scenes/lowpoly/right_physics_hand_low.tscn" id="5_laayj"]
[ext_resource type="Texture2D" uid="uid://ckw6nliyayo6a" path="res://scenes/main_menu/return to main menu.png" id="6"]
[ext_resource type="PackedScene" uid="uid://bl2nuu3qhlb5k" path="res://addons/godot-xr-tools/functions/movement_direct.tscn" id="7"]
[ext_resource type="PackedScene" uid="uid://bwr0eqi231lf0" path="res://assets/meshes/control_pad/control_pad_location_left.tscn" id="7_fdgf8"]
[ext_resource type="PackedScene" uid="uid://cqhw276realc" path="res://addons/godot-xr-tools/functions/function_pointer.tscn" id="7_kskan"]
[ext_resource type="PackedScene" uid="uid://b4ysuy43poobf" path="res://addons/godot-xr-tools/functions/function_pickup.tscn" id="8"]
[ext_resource type="PackedScene" uid="uid://diyu06cw06syv" path="res://addons/godot-xr-tools/player/player_body.tscn" id="9"]
[ext_resource type="PackedScene" uid="uid://b6bk2pj8vbj28" path="res://addons/godot-xr-tools/functions/movement_turn.tscn" id="10"]
[ext_resource type="PackedScene" uid="uid://1mb16xioom74" path="res://scenes/pickable_demo/objects/belt_snap_zone.tscn" id="10_5odnk"]
[ext_resource type="PackedScene" uid="uid://cf024hg5alcif" path="res://scenes/pickable_demo/objects/snap_toy_red.tscn" id="11"]
[ext_resource type="PackedScene" uid="uid://deyk5frilshws" path="res://assets/meshes/control_pad/control_pad_location_right.tscn" id="11_dk12d"]
[ext_resource type="PackedScene" uid="uid://cboxrvj4xdi6f" path="res://scenes/pickable_demo/objects/snap_toy_yellow.tscn" id="12"]
[ext_resource type="PackedScene" uid="uid://ca6c2h3xsflxf" path="res://assets/maps/holodeck_map.tscn" id="12_8rh1y"]
[ext_resource type="PackedScene" uid="uid://bmdafjhc8cwia" path="res://scenes/pickable_demo/objects/instructions.tscn" id="12_282ma"]
[ext_resource type="PackedScene" uid="uid://clta811tt773x" path="res://scenes/pickable_demo/objects/grab_ball.tscn" id="13"]
[ext_resource type="PackedScene" uid="uid://djkjuy7wct10q" path="res://scenes/pickable_demo/objects/grab_cube.tscn" id="14"]
[ext_resource type="PackedScene" uid="uid://gi3cc6cxi81j" path="res://scenes/pickable_demo/objects/saucer.tscn" id="14_ani61"]
[ext_resource type="PackedScene" uid="uid://ct3p5sgwvkmva" path="res://assets/meshes/control_pad/control_pad.tscn" id="14_xqgdl"]
[ext_resource type="PackedScene" uid="uid://bwcpq6cuejbiy" path="res://assets/meshes/table/table.tscn" id="15"]
[ext_resource type="PackedScene" uid="uid://b3mykwawmnxpi" path="res://scenes/pickable_demo/objects/teacup_stand.tscn" id="15_bq355"]
[ext_resource type="PackedScene" uid="uid://c6rmke57xw5lg" path="res://scenes/pickable_demo/objects/snap_tray.tscn" id="16"]
[ext_resource type="PackedScene" uid="uid://chww0na0ryl1m" path="res://scenes/pickable_demo/objects/teacup.tscn" id="16_v5unt"]
[ext_resource type="PackedScene" uid="uid://de0guxhrn5ouk" path="res://scenes/pickable_demo/objects/hammer.tscn" id="17"]
[ext_resource type="PackedScene" uid="uid://bxk2dud5pq1uf" path="res://scenes/pickable_demo/objects/knife.tscn" id="19_6grml"]
[ext_resource type="Script" path="res://addons/godot-xr-tools/objects/return_to_snap_zone.gd" id="19_iqmkd"]
[ext_resource type="PackedScene" uid="uid://bmjemjgtnpkpo" path="res://assets/3dmodelscc0/models/scenes/sniper_rifle.tscn" id="25_xgu4l"]

[sub_resource type="AnimationNodeAnimation" id="AnimationNodeAnimation_olecg"]
animation = &"Grip"

[sub_resource type="AnimationNodeAnimation" id="AnimationNodeAnimation_xckkj"]
animation = &"Grip"

[sub_resource type="AnimationNodeBlend2" id="AnimationNodeBlend2_847k5"]
filter_enabled = true
filters = ["Armature/Skeleton3D:Little_Distal_L", "Armature/Skeleton3D:Little_Intermediate_L", "Armature/Skeleton3D:Little_Metacarpal_L", "Armature/Skeleton3D:Little_Proximal_L", "Armature/Skeleton3D:Middle_Distal_L", "Armature/Skeleton3D:Middle_Intermediate_L", "Armature/Skeleton3D:Middle_Metacarpal_L", "Armature/Skeleton3D:Middle_Proximal_L", "Armature/Skeleton3D:Ring_Distal_L", "Armature/Skeleton3D:Ring_Intermediate_L", "Armature/Skeleton3D:Ring_Metacarpal_L", "Armature/Skeleton3D:Ring_Proximal_L", "Armature/Skeleton3D:Thumb_Distal_L", "Armature/Skeleton3D:Thumb_Metacarpal_L", "Armature/Skeleton3D:Thumb_Proximal_L", "Armature/Skeleton:Little_Distal_L", "Armature/Skeleton:Little_Intermediate_L", "Armature/Skeleton:Little_Proximal_L", "Armature/Skeleton:Middle_Distal_L", "Armature/Skeleton:Middle_Intermediate_L", "Armature/Skeleton:Middle_Proximal_L", "Armature/Skeleton:Ring_Distal_L", "Armature/Skeleton:Ring_Intermediate_L", "Armature/Skeleton:Ring_Proximal_L", "Armature/Skeleton:Thumb_Distal_L", "Armature/Skeleton:Thumb_Proximal_L"]

[sub_resource type="AnimationNodeAnimation" id="AnimationNodeAnimation_04giv"]
animation = &"Grip 5"

[sub_resource type="AnimationNodeBlend2" id="AnimationNodeBlend2_quply"]
filter_enabled = true
filters = ["Armature/Skeleton3D:Index_Distal_L", "Armature/Skeleton3D:Index_Intermediate_L", "Armature/Skeleton3D:Index_Metacarpal_L", "Armature/Skeleton3D:Index_Proximal_L", "Armature/Skeleton:Index_Distal_L", "Armature/Skeleton:Index_Intermediate_L", "Armature/Skeleton:Index_Proximal_L"]

[sub_resource type="AnimationNodeBlendTree" id="AnimationNodeBlendTree_cldmv"]
graph_offset = Vector2(-536, 11)
nodes/ClosedHand1/node = SubResource("AnimationNodeAnimation_olecg")
nodes/ClosedHand1/position = Vector2(-600, 300)
nodes/ClosedHand2/node = SubResource("AnimationNodeAnimation_xckkj")
nodes/ClosedHand2/position = Vector2(-360, 300)
nodes/Grip/node = SubResource("AnimationNodeBlend2_847k5")
nodes/Grip/position = Vector2(0, 20)
nodes/OpenHand/node = SubResource("AnimationNodeAnimation_04giv")
nodes/OpenHand/position = Vector2(-600, 100)
nodes/Trigger/node = SubResource("AnimationNodeBlend2_quply")
nodes/Trigger/position = Vector2(-360, 20)
node_connections = [&"output", 0, &"Grip", &"Grip", 0, &"Trigger", &"Grip", 1, &"ClosedHand2", &"Trigger", 0, &"OpenHand", &"Trigger", 1, &"ClosedHand1"]

[sub_resource type="AnimationNodeAnimation" id="AnimationNodeAnimation_m1a1d"]
animation = &"Grip"

[sub_resource type="AnimationNodeAnimation" id="AnimationNodeAnimation_ohxnk"]
animation = &"Grip"

[sub_resource type="AnimationNodeBlend2" id="AnimationNodeBlend2_f54fa"]
filter_enabled = true
filters = ["Armature/Skeleton3D:Little_Distal_R", "Armature/Skeleton3D:Little_Intermediate_R", "Armature/Skeleton3D:Little_Metacarpal_R", "Armature/Skeleton3D:Little_Proximal_R", "Armature/Skeleton3D:Middle_Distal_R", "Armature/Skeleton3D:Middle_Intermediate_R", "Armature/Skeleton3D:Middle_Metacarpal_R", "Armature/Skeleton3D:Middle_Proximal_R", "Armature/Skeleton3D:Ring_Distal_R", "Armature/Skeleton3D:Ring_Intermediate_R", "Armature/Skeleton3D:Ring_Metacarpal_R", "Armature/Skeleton3D:Ring_Proximal_R", "Armature/Skeleton3D:Thumb_Distal_R", "Armature/Skeleton3D:Thumb_Metacarpal_R", "Armature/Skeleton3D:Thumb_Proximal_R", "Armature/Skeleton:Little_Distal_R", "Armature/Skeleton:Little_Intermediate_R", "Armature/Skeleton:Little_Proximal_R", "Armature/Skeleton:Middle_Distal_R", "Armature/Skeleton:Middle_Intermediate_R", "Armature/Skeleton:Middle_Proximal_R", "Armature/Skeleton:Ring_Distal_R", "Armature/Skeleton:Ring_Intermediate_R", "Armature/Skeleton:Ring_Proximal_R", "Armature/Skeleton:Thumb_Distal_R", "Armature/Skeleton:Thumb_Proximal_R"]

[sub_resource type="AnimationNodeAnimation" id="AnimationNodeAnimation_updnm"]
animation = &"Grip 5"

[sub_resource type="AnimationNodeBlend2" id="AnimationNodeBlend2_yeryn"]
filter_enabled = true
filters = ["Armature/Skeleton3D:Index_Distal_R", "Armature/Skeleton3D:Index_Intermediate_R", "Armature/Skeleton3D:Index_Metacarpal_R", "Armature/Skeleton3D:Index_Proximal_R", "Armature/Skeleton:Index_Distal_R", "Armature/Skeleton:Index_Intermediate_R", "Armature/Skeleton:Index_Proximal_R"]

[sub_resource type="AnimationNodeBlendTree" id="AnimationNodeBlendTree_l3p6r"]
graph_offset = Vector2(-552.664, 107.301)
nodes/ClosedHand1/node = SubResource("AnimationNodeAnimation_m1a1d")
nodes/ClosedHand1/position = Vector2(-600, 300)
nodes/ClosedHand2/node = SubResource("AnimationNodeAnimation_ohxnk")
nodes/ClosedHand2/position = Vector2(-360, 300)
nodes/Grip/node = SubResource("AnimationNodeBlend2_f54fa")
nodes/Grip/position = Vector2(0, 40)
nodes/OpenHand/node = SubResource("AnimationNodeAnimation_updnm")
nodes/OpenHand/position = Vector2(-600, 100)
nodes/Trigger/node = SubResource("AnimationNodeBlend2_yeryn")
nodes/Trigger/position = Vector2(-360, 40)
node_connections = [&"output", 0, &"Grip", &"Grip", 0, &"Trigger", &"Grip", 1, &"ClosedHand2", &"Trigger", 0, &"OpenHand", &"Trigger", 1, &"ClosedHand1"]

[node name="PickableDemo" instance=ExtResource("1")]
script = ExtResource("2_kjksy")

[node name="LeftPhysicsHand" parent="XROrigin3D/LeftHand" index="0" instance=ExtResource("2_8wi6c")]

[node name="BoneRoot" parent="XROrigin3D/LeftHand/LeftPhysicsHand/Hand_Nails_low_L/Armature/Skeleton3D" index="1"]
transform = Transform3D(1, -1.83077e-05, 1.52659e-08, 1.52668e-08, 0.00166774, 0.999999, -1.83077e-05, -0.999999, 0.00166774, 3.86425e-08, -1.86975e-05, 0.0271756)

[node name="BoneThumbMetacarpal" parent="XROrigin3D/LeftHand/LeftPhysicsHand/Hand_Nails_low_L/Armature/Skeleton3D" index="2"]
transform = Transform3D(0.998519, 0.0514604, -0.0176509, -0.0176509, 0.613334, 0.789626, 0.0514604, -0.788145, 0.613334, 0.00999954, 0.0200266, 3.59323e-05)

[node name="BoneThumbProximal" parent="XROrigin3D/LeftHand/LeftPhysicsHand/Hand_Nails_low_L/Armature/Skeleton3D" index="3"]
transform = Transform3D(0.921479, 0.383957, -0.0587629, -0.124051, 0.434264, 0.892203, 0.368086, -0.814857, 0.447796, 0.012311, 0.0475754, -0.0353648)

[node name="BoneThumbDistal" parent="XROrigin3D/LeftHand/LeftPhysicsHand/Hand_Nails_low_L/Armature/Skeleton3D" index="4"]
transform = Transform3D(0.930159, 0.366843, 0.0151707, -0.154036, 0.352396, 0.923087, 0.333282, -0.860954, 0.384292, 0.0284939, 0.0658787, -0.0697092)

[node name="BoneIndexMetacarpal" parent="XROrigin3D/LeftHand/LeftPhysicsHand/Hand_Nails_low_L/Armature/Skeleton3D" index="5"]
transform = Transform3D(0.999165, 0.0336563, -0.0231681, 0.0231985, -0.000511136, 0.999731, 0.0336354, -0.999433, -0.00129148, -0.0100005, 0.0224317, 3.59286e-05)

[node name="BoneIndexProximal" parent="XROrigin3D/LeftHand/LeftPhysicsHand/Hand_Nails_low_L/Armature/Skeleton3D" index="6"]
transform = Transform3D(0.997821, 0.0419385, -0.0509327, 0.041317, 0.204662, 0.97796, 0.0514381, -0.977934, 0.202483, -0.00729559, 0.0223907, -0.0802861)

[node name="BoneIndexMiddle" parent="XROrigin3D/LeftHand/LeftPhysicsHand/Hand_Nails_low_L/Armature/Skeleton3D" index="7"]
transform = Transform3D(0.759852, 0.644453, -0.0854741, -0.040588, 0.178251, 0.983147, 0.648828, -0.743577, 0.161602, -0.00569704, 0.0301916, -0.117561)

[node name="BoneIndexDistal" parent="XROrigin3D/LeftHand/LeftPhysicsHand/Hand_Nails_low_L/Armature/Skeleton3D" index="8"]
transform = Transform3D(0.356468, 0.927111, -0.115741, -0.109286, 0.164404, 0.98032, 0.927894, -0.336804, 0.159925, 0.0145038, 0.035779, -0.140869)

[node name="BoneMiddleMetacarpal" parent="XROrigin3D/LeftHand/LeftPhysicsHand/Hand_Nails_low_L/Armature/Skeleton3D" index="9"]
transform = Transform3D(0.999918, -0.0127165, -0.00125617, 0.000365488, -0.0698023, 0.997561, -0.0127732, -0.99748, -0.069792, -0.0100005, 0.00355416, 3.59286e-05)

[node name="BoneMiddleProximal" parent="XROrigin3D/LeftHand/LeftPhysicsHand/Hand_Nails_low_L/Armature/Skeleton3D" index="10"]
transform = Transform3D(0.971345, 0.237654, -0.00293003, 0.020734, -0.0724503, 0.997156, 0.236766, -0.968644, -0.0753018, -0.0110237, -0.00206236, -0.0802245)

[node name="BoneMiddleMiddle" parent="XROrigin3D/LeftHand/LeftPhysicsHand/Hand_Nails_low_L/Armature/Skeleton3D" index="11"]
transform = Transform3D(0.764922, 0.643162, -0.0351718, 0.0290328, 0.0201225, 0.999376, 0.643468, -0.765466, -0.00328068, -0.000328436, -0.00532287, -0.123817)

[node name="BoneMiddleDistal" parent="XROrigin3D/LeftHand/LeftPhysicsHand/Hand_Nails_low_L/Armature/Skeleton3D" index="12"]
transform = Transform3D(0.297115, 0.954531, -0.0243817, 0.0374455, 0.0138672, 0.999202, 0.954107, -0.297791, -0.0316227, 0.0205207, -0.00467056, -0.148631)

[node name="BoneRingMetacarpal" parent="XROrigin3D/LeftHand/LeftPhysicsHand/Hand_Nails_low_L/Armature/Skeleton3D" index="13"]
transform = Transform3D(0.998609, 0.0470739, 0.0237408, -0.0169882, -0.138981, 0.990149, 0.0499097, -0.989175, -0.137988, -0.0100005, -0.0130734, 3.59304e-05)

[node name="BoneRingProximal" parent="XROrigin3D/LeftHand/LeftPhysicsHand/Hand_Nails_low_L/Armature/Skeleton3D" index="14"]
transform = Transform3D(0.982964, 0.181854, 0.0266581, 0.0109494, -0.202722, 0.979175, 0.183471, -0.962202, -0.20126, -0.00651963, -0.0233502, -0.0731075)

[node name="BoneRingMiddle" parent="XROrigin3D/LeftHand/LeftPhysicsHand/Hand_Nails_low_L/Armature/Skeleton3D" index="15"]
transform = Transform3D(0.772579, 0.634602, 0.0200163, 0.0794843, -0.127948, 0.98859, 0.629923, -0.762174, -0.149291, 0.000778387, -0.0314857, -0.111722)

[node name="BoneRingDistal" parent="XROrigin3D/LeftHand/LeftPhysicsHand/Hand_Nails_low_L/Armature/Skeleton3D" index="16"]
transform = Transform3D(0.381388, 0.924068, 0.025339, 0.114105, -0.0742598, 0.990689, 0.917346, -0.374946, -0.133762, 0.0184188, -0.0350424, -0.132908)

[node name="BonePinkyMetacarpal" parent="XROrigin3D/LeftHand/LeftPhysicsHand/Hand_Nails_low_L/Armature/Skeleton3D" index="17"]
transform = Transform3D(0.998969, 0.0165318, 0.0422887, -0.0385953, -0.181427, 0.982647, 0.0239172, -0.983265, -0.180601, -4.58211e-07, -0.0299734, 3.59304e-05)

[node name="BonePinkyProximal" parent="XROrigin3D/LeftHand/LeftPhysicsHand/Hand_Nails_low_L/Armature/Skeleton3D" index="18"]
transform = Transform3D(0.969212, 0.239305, 0.0579745, 0.0185536, -0.305761, 0.951928, 0.245527, -0.921544, -0.300787, 0.00108587, -0.0418952, -0.0645756)

[node name="BonePinkyMiddle" parent="XROrigin3D/LeftHand/LeftPhysicsHand/Hand_Nails_low_L/Armature/Skeleton3D" index="19"]
transform = Transform3D(0.699331, 0.713815, 0.0374603, 0.103947, -0.153407, 0.982681, 0.707199, -0.683325, -0.181481, 0.00901248, -0.0520231, -0.0951004)

[node name="BonePinkyDistal" parent="XROrigin3D/LeftHand/LeftPhysicsHand/Hand_Nails_low_L/Armature/Skeleton3D" index="20"]
transform = Transform3D(0.34089, 0.939845, 0.0220292, 0.162162, -0.081867, 0.983362, 0.926011, -0.331646, -0.180315, 0.0218786, -0.0547881, -0.107417)

[node name="BoneAttachment3D" type="BoneAttachment3D" parent="XROrigin3D/LeftHand/LeftPhysicsHand/Hand_Nails_low_L/Armature/Skeleton3D" index="21"]
transform = Transform3D(0.54083, 0.840812, -0.0231736, -0.0826267, 0.0805244, 0.993322, 0.837063, -0.535304, 0.113024, 0.0399019, 0.0402829, -0.150096)
bone_name = "Index_Tip_L"
bone_idx = 9

[node name="Poke" parent="XROrigin3D/LeftHand/LeftPhysicsHand/Hand_Nails_low_L/Armature/Skeleton3D/BoneAttachment3D" index="0" instance=ExtResource("4_iyttx")]
layer = 0
mask = 4194304
push_bodies = false

[node name="AnimationTree" parent="XROrigin3D/LeftHand/LeftPhysicsHand" index="1"]
tree_root = SubResource("AnimationNodeBlendTree_cldmv")

[node name="MovementDirect" parent="XROrigin3D/LeftHand" index="1" instance=ExtResource("7")]
strafe = true

[node name="FunctionPickup" parent="XROrigin3D/LeftHand" index="2" instance=ExtResource("8")]
grab_distance = 0.1
ranged_angle = 10.0

[node name="ControlPadLocationLeft" parent="XROrigin3D/LeftHand" index="3" instance=ExtResource("7_fdgf8")]

[node name="RightPhysicsHand" parent="XROrigin3D/RightHand" index="0" instance=ExtResource("5_laayj")]

[node name="BoneRoot" parent="XROrigin3D/RightHand/RightPhysicsHand/Hand_Nails_low_R/Armature/Skeleton3D" index="1"]
transform = Transform3D(1, 1.83077e-05, -1.52659e-08, -1.52668e-08, 0.00166774, 0.999999, 1.83077e-05, -0.999999, 0.00166774, -3.86425e-08, -1.86975e-05, 0.0271756)

[node name="BoneThumbMetacarpal" parent="XROrigin3D/RightHand/RightPhysicsHand/Hand_Nails_low_R/Armature/Skeleton3D" index="2"]
transform = Transform3D(0.998519, -0.0514604, 0.0176509, 0.0176509, 0.613334, 0.789626, -0.0514604, -0.788145, 0.613334, -0.00999954, 0.0200266, 3.59323e-05)

[node name="BoneThumbProximal" parent="XROrigin3D/RightHand/RightPhysicsHand/Hand_Nails_low_R/Armature/Skeleton3D" index="3"]
transform = Transform3D(0.921479, -0.383957, 0.0587629, 0.124051, 0.434264, 0.892203, -0.368086, -0.814857, 0.447796, -0.012311, 0.0475754, -0.0353648)

[node name="BoneThumbDistal" parent="XROrigin3D/RightHand/RightPhysicsHand/Hand_Nails_low_R/Armature/Skeleton3D" index="4"]
transform = Transform3D(0.930159, -0.366843, -0.0151707, 0.154036, 0.352396, 0.923087, -0.333282, -0.860954, 0.384292, -0.0284939, 0.0658787, -0.0697092)

[node name="BoneIndexMetacarpal" parent="XROrigin3D/RightHand/RightPhysicsHand/Hand_Nails_low_R/Armature/Skeleton3D" index="5"]
transform = Transform3D(0.999165, -0.0336563, 0.0231681, -0.0231985, -0.000511136, 0.999731, -0.0336354, -0.999433, -0.00129148, 0.0100005, 0.0224317, 3.59286e-05)

[node name="BoneIndexProximal" parent="XROrigin3D/RightHand/RightPhysicsHand/Hand_Nails_low_R/Armature/Skeleton3D" index="6"]
transform = Transform3D(0.997821, -0.0419385, 0.0509327, -0.041317, 0.204662, 0.97796, -0.0514382, -0.977934, 0.202483, 0.00729559, 0.0223907, -0.0802861)

[node name="BoneIndexMiddle" parent="XROrigin3D/RightHand/RightPhysicsHand/Hand_Nails_low_R/Armature/Skeleton3D" index="7"]
transform = Transform3D(0.759852, -0.644453, 0.0854741, 0.040588, 0.178251, 0.983147, -0.648828, -0.743577, 0.161602, 0.00569704, 0.0301916, -0.117561)

[node name="BoneIndexDistal" parent="XROrigin3D/RightHand/RightPhysicsHand/Hand_Nails_low_R/Armature/Skeleton3D" index="8"]
transform = Transform3D(0.356468, -0.927111, 0.115741, 0.109286, 0.164404, 0.98032, -0.927894, -0.336804, 0.159925, -0.0145038, 0.035779, -0.140869)

[node name="BoneMiddleMetacarpal" parent="XROrigin3D/RightHand/RightPhysicsHand/Hand_Nails_low_R/Armature/Skeleton3D" index="9"]
transform = Transform3D(0.999918, 0.0127165, 0.00125616, -0.000365489, -0.0698023, 0.997561, 0.0127732, -0.99748, -0.069792, 0.0100005, 0.00355416, 3.59286e-05)

[node name="BoneMiddleProximal" parent="XROrigin3D/RightHand/RightPhysicsHand/Hand_Nails_low_R/Armature/Skeleton3D" index="10"]
transform = Transform3D(0.971345, -0.237654, 0.00293003, -0.020734, -0.0724503, 0.997156, -0.236766, -0.968644, -0.0753018, 0.0110237, -0.00206236, -0.0802245)

[node name="BoneMiddleMiddle" parent="XROrigin3D/RightHand/RightPhysicsHand/Hand_Nails_low_R/Armature/Skeleton3D" index="11"]
transform = Transform3D(0.764922, -0.643162, 0.0351718, -0.0290328, 0.0201225, 0.999376, -0.643468, -0.765466, -0.00328068, 0.000328433, -0.00532287, -0.123817)

[node name="BoneMiddleDistal" parent="XROrigin3D/RightHand/RightPhysicsHand/Hand_Nails_low_R/Armature/Skeleton3D" index="12"]
transform = Transform3D(0.297115, -0.95453, 0.0243817, -0.0374455, 0.0138672, 0.999202, -0.954107, -0.297791, -0.0316227, -0.0205208, -0.00467056, -0.148631)

[node name="BoneRingMetacarpal" parent="XROrigin3D/RightHand/RightPhysicsHand/Hand_Nails_low_R/Armature/Skeleton3D" index="13"]
transform = Transform3D(0.998609, -0.0470739, -0.0237408, 0.0169882, -0.138981, 0.990149, -0.0499097, -0.989175, -0.137988, 0.0100005, -0.0130734, 3.59304e-05)

[node name="BoneRingProximal" parent="XROrigin3D/RightHand/RightPhysicsHand/Hand_Nails_low_R/Armature/Skeleton3D" index="14"]
transform = Transform3D(0.982964, -0.181854, -0.0266581, -0.0109494, -0.202722, 0.979175, -0.183471, -0.962202, -0.20126, 0.00651963, -0.0233502, -0.0731075)

[node name="BoneRingMiddle" parent="XROrigin3D/RightHand/RightPhysicsHand/Hand_Nails_low_R/Armature/Skeleton3D" index="15"]
transform = Transform3D(0.772579, -0.634602, -0.0200163, -0.0794843, -0.127948, 0.98859, -0.629923, -0.762174, -0.149291, -0.000778387, -0.0314857, -0.111722)

[node name="BoneRingDistal" parent="XROrigin3D/RightHand/RightPhysicsHand/Hand_Nails_low_R/Armature/Skeleton3D" index="16"]
transform = Transform3D(0.381388, -0.924068, -0.025339, -0.114105, -0.0742598, 0.990689, -0.917346, -0.374946, -0.133762, -0.0184188, -0.0350424, -0.132908)

[node name="BonePinkyMetacarpal" parent="XROrigin3D/RightHand/RightPhysicsHand/Hand_Nails_low_R/Armature/Skeleton3D" index="17"]
transform = Transform3D(0.998969, -0.0165318, -0.0422887, 0.0385953, -0.181427, 0.982647, -0.0239172, -0.983265, -0.180601, 4.58211e-07, -0.0299734, 3.59304e-05)

[node name="BonePinkyProximal" parent="XROrigin3D/RightHand/RightPhysicsHand/Hand_Nails_low_R/Armature/Skeleton3D" index="18"]
transform = Transform3D(0.969212, -0.239305, -0.0579745, -0.0185536, -0.305761, 0.951928, -0.245527, -0.921544, -0.300787, -0.00108587, -0.0418952, -0.0645756)

[node name="BonePinkyMiddle" parent="XROrigin3D/RightHand/RightPhysicsHand/Hand_Nails_low_R/Armature/Skeleton3D" index="19"]
transform = Transform3D(0.699331, -0.713815, -0.0374603, -0.103947, -0.153407, 0.982681, -0.707199, -0.683325, -0.181481, -0.00901248, -0.0520231, -0.0951004)

[node name="BonePinkyDistal" parent="XROrigin3D/RightHand/RightPhysicsHand/Hand_Nails_low_R/Armature/Skeleton3D" index="20"]
transform = Transform3D(0.34089, -0.939845, -0.0220292, -0.162162, -0.081867, 0.983362, -0.926011, -0.331646, -0.180315, -0.0218786, -0.0547881, -0.107417)

[node name="BoneAttachment3D" type="BoneAttachment3D" parent="XROrigin3D/RightHand/RightPhysicsHand/Hand_Nails_low_R/Armature/Skeleton3D" index="21"]
transform = Transform3D(0.54083, -0.840812, 0.0231736, 0.0826267, 0.0805244, 0.993322, -0.837063, -0.535304, 0.113024, -0.0399019, 0.0402829, -0.150096)
bone_name = "Index_Tip_R"
bone_idx = 9

[node name="Poke" parent="XROrigin3D/RightHand/RightPhysicsHand/Hand_Nails_low_R/Armature/Skeleton3D/BoneAttachment3D" index="0" instance=ExtResource("4_iyttx")]
layer = 0
mask = 4194304
push_bodies = false

[node name="AnimationTree" parent="XROrigin3D/RightHand/RightPhysicsHand" index="1"]
tree_root = SubResource("AnimationNodeBlendTree_l3p6r")

[node name="MovementDirect" parent="XROrigin3D/RightHand" index="1" instance=ExtResource("7")]

[node name="MovementTurn" parent="XROrigin3D/RightHand" index="2" instance=ExtResource("10")]

[node name="FunctionPickup" parent="XROrigin3D/RightHand" index="3" instance=ExtResource("8")]
grab_distance = 0.1
ranged_angle = 10.0

[node name="FunctionPointer" parent="XROrigin3D/RightHand" index="4" instance=ExtResource("7_kskan")]
show_laser = 2
laser_length = 1

[node name="ControlPadLocationRight" parent="XROrigin3D/RightHand" index="5" instance=ExtResource("11_dk12d")]

[node name="PlayerBody" parent="XROrigin3D" index="3" instance=ExtResource("9")]

[node name="BeltSnapZone01" parent="XROrigin3D/PlayerBody" index="0" instance=ExtResource("10_5odnk")]
transform = Transform3D(0.707107, 0, 0.707107, 0, 1, 0, -0.707107, 0, 0.707107, -0.177, 1, -0.177)

[node name="BeltSnapZone02" parent="XROrigin3D/PlayerBody" index="1" instance=ExtResource("10_5odnk")]
transform = Transform3D(0.92388, 0, 0.382683, 0, 1, 0, -0.382683, 0, 0.92388, -0.096, 1, -0.231)

[node name="BeltSnapZone03" parent="XROrigin3D/PlayerBody" index="2" instance=ExtResource("10_5odnk")]
transform = Transform3D(1, 0, 0, 0, 1, 0, 0, 0, 1, 0, 1, -0.25)

[node name="BeltSnapZone04" parent="XROrigin3D/PlayerBody" index="3" instance=ExtResource("10_5odnk")]
transform = Transform3D(0.92388, 0, -0.382683, 0, 1, 0, 0.382683, 0, 0.92388, 0.096, 1, -0.231)

[node name="BeltSnapZone05" parent="XROrigin3D/PlayerBody" index="4" instance=ExtResource("10_5odnk")]
transform = Transform3D(0.707107, 0, -0.707107, 0, 1, 0, 0.707107, 0, 0.707107, 0.177, 1, -0.177)

[node name="ControlPad" parent="XROrigin3D" index="4" instance=ExtResource("14_xqgdl")]

[node name="HolodeckMap" parent="." index="1" instance=ExtResource("12_8rh1y")]

[node name="Teleport" parent="." index="2" instance=ExtResource("5")]
transform = Transform3D(1, 0, 0, 0, 1, 0, 0, 0, 1, 0, 0, 4)
title = ExtResource("6")
spawn_point_name = ""
spawn_point_position = Vector3(0, 0, 0)
spawn_point_transform = Transform3D(1, 0, 0, 0, 1, 0, 0, 0, 1, 0, 0, 0)

[node name="Instructions" parent="." index="3" instance=ExtResource("12_282ma")]
transform = Transform3D(1, 0, 0, 0, 1, 0, 0, 0, 1, 0, 3, -5)

[node name="Table2" parent="." index="4" instance=ExtResource("15")]
transform = Transform3D(1, 0, 0, 0, 1, 0, 0, 0, 1, 2, 0, -3)

[node name="Table1" parent="." index="5" instance=ExtResource("15")]
transform = Transform3D(1, 0, 0, 0, 1, 0, 0, 0, 1, -4, 0, -3)

[node name="Saucer" parent="Table1" index="10" instance=ExtResource("14_ani61")]
transform = Transform3D(1, 0, 0, 0, 1, 0, 0, 0, 1, 1.584, 0.829, 0.973725)

[node name="TeacupStand" parent="Table1" index="11" instance=ExtResource("15_bq355")]
transform = Transform3D(1, 0, 0, 0, 1, 0, 0, 0, 1, 1.6, 0.8, 0.707725)

[node name="SnapZone1" parent="Table1/TeacupStand" index="5"]
initial_object = NodePath("../Teacup")

[node name="Teacup" parent="Table1/TeacupStand" index="8" instance=ExtResource("16_v5unt")]
transform = Transform3D(4.81713e-09, 4.34452e-08, 1, 0.993909, -0.110203, 0, 0.110203, 0.993909, -4.37114e-08, 0.0796151, 0.205038, -0.0390518)
collision_layer = 65536
collision_mask = 0
freeze = true

[node name="XRToolsReturnToSnapZone" type="Node" parent="Table1/TeacupStand/Teacup" index="6"]
script = ExtResource("19_iqmkd")
snap_zone_path = NodePath("../../SnapZone1")

[node name="Teacup" parent="Table1" index="12" instance=ExtResource("16_v5unt")]
transform = Transform3D(1, 0, 0, 0, 1, 0, 0, 0, 1, 1.235, 0.825, 0.973725)

[node name="Knife1" parent="Table1" index="13" instance=ExtResource("19_6grml")]
transform = Transform3D(-4.37114e-08, -1, -4.37114e-08, 0, -4.37114e-08, 1, -1, 4.37114e-08, 1.91069e-15, 0.306, 0.834, 0.707725)

[node name="Knife2" parent="Table1" index="14" instance=ExtResource("19_6grml")]
transform = Transform3D(-4.37114e-08, -1, -4.37114e-08, 0, -4.37114e-08, 1, -1, 4.37114e-08, 1.91069e-15, 0.406, 0.834, 0.707725)

[node name="Knife3" parent="Table1" index="15" instance=ExtResource("19_6grml")]
transform = Transform3D(-4.37114e-08, -1, -4.37114e-08, 0, -4.37114e-08, 1, -1, 4.37114e-08, 1.91069e-15, 0.506, 0.834, 0.707725)

[node name="SniperRifle" parent="Table1" index="18" node_paths=PackedStringArray("player_camera") instance=ExtResource("25_xgu4l")]
transform = Transform3D(4.37114e-08, -8.74228e-08, -1, 1, -4.37114e-08, 4.37114e-08, -4.37114e-08, -1, 8.74228e-08, 0.714337, 0.837697, 0.196128)
player_camera = NodePath("../../XROrigin3D/XRCamera3D")

[node name="RemoteGrabBalls" type="Node3D" parent="." index="6"]

[node name="Ball1" parent="RemoteGrabBalls" index="0" instance=ExtResource("13")]
transform = Transform3D(1, 0, 0, 0, 1, 0, 0, 0, 1, -0.6, 0.2, -2.6)

[node name="Ball2" parent="RemoteGrabBalls" index="1" instance=ExtResource("13")]
transform = Transform3D(1, 0, 0, 0, 1, 0, 0, 0, 1, -0.6, 0.2, -3.2)

[node name="Ball3" parent="RemoteGrabBalls" index="2" instance=ExtResource("13")]
transform = Transform3D(1, 0, 0, 0, 1, 0, 0, 0, 1, -1, 0.2, -2.9)

[node name="Hammers" type="Node3D" parent="." index="7"]

[node name="Hammer" parent="Hammers" index="0" instance=ExtResource("17")]
transform = Transform3D(1, 0, 0, 0, 1, 0, 0, 0, 1, 0.991849, 0.15, -2.96188)

[node name="Hammer4" parent="Hammers" index="1" instance=ExtResource("17")]
transform = Transform3D(1, 0, 0, 0, 1, 0, 0, 0, 1, 0.991849, 0.15, -2.56188)

[node name="Hammer2" parent="Hammers" index="2" instance=ExtResource("17")]
transform = Transform3D(0.707107, 0, 0.707107, 0, 1, 0, -0.707107, 0, 0.707107, 0.791849, 0.15, -2.86188)

[node name="Hammer3" parent="Hammers" index="3" instance=ExtResource("17")]
transform = Transform3D(0.707107, 0, -0.707107, 0, 1, 0, 0.707107, 0, 0.707107, 1.19185, 0.15, -2.66188)

[node name="GrabCubes" type="Node3D" parent="." index="8"]

[node name="Cube1" parent="GrabCubes" index="0" instance=ExtResource("14")]
transform = Transform3D(1, 0, 0, 0, 1, 0, 0, 0, 1, 2.1534, 0.875, -2.29219)

[node name="Cube2" parent="GrabCubes" index="1" instance=ExtResource("14")]
transform = Transform3D(1, 0, 0, 0, 1, 0, 0, 0, 1, 2.3534, 0.875, -2.29219)

[node name="Cube3" parent="GrabCubes" index="2" instance=ExtResource("14")]
transform = Transform3D(0.707107, 0, -0.707107, 0, 1, 0, 0.707107, 0, 0.707107, 2.2534, 0.975, -2.29219)

[node name="SnapToys" type="Node3D" parent="." index="9"]

[node name="SnapTray1" parent="SnapToys" index="0" instance=ExtResource("16")]
transform = Transform3D(0.707107, 0, -0.707107, 0, 1, 0, 0.707107, 0, 0.707107, 3.5, 1.02968, -2.16355)

[node name="SnapTray2" parent="SnapToys" index="1" instance=ExtResource("16")]
transform = Transform3D(0.996195, 0, -0.0871558, 0, 1, 0, 0.0871558, 0, 0.996195, 3.1, 1.02968, -2.26355)
tray_active = false

[node name="SnapToyRed" parent="SnapToys" index="2" instance=ExtResource("11")]
transform = Transform3D(1, 0, 0, 0, 1, 0, 0, 0, 1, 2.6, 0.929682, -2.26355)

[node name="SnapToyYellow" parent="SnapToys" index="3" instance=ExtResource("12")]
transform = Transform3D(1, 0, 0, 0, 1, 0, 0, 0, 1, 2.8, 0.929682, -2.26355)

[editable path="XROrigin3D/LeftHand/LeftPhysicsHand"]
[editable path="XROrigin3D/LeftHand/LeftPhysicsHand/Hand_Nails_low_L"]
[editable path="XROrigin3D/RightHand/RightPhysicsHand"]
[editable path="XROrigin3D/RightHand/RightPhysicsHand/Hand_Nails_low_R"]
[editable path="Table1/TeacupStand"]
